{
 "cells": [
  {
   "cell_type": "markdown",
   "metadata": {},
   "source": [
    "Huitong(Jo) Pan       \n",
    "hp4zw          \n",
    "                           \n",
    "The code below includes 1)Value Iteration and 2)Policy Iteration just to mimic the graph shown in the assignment."
   ]
  },
  {
   "cell_type": "code",
   "execution_count": 1,
   "metadata": {
    "collapsed": false
   },
   "outputs": [],
   "source": [
    "import numpy as np"
   ]
  },
  {
   "cell_type": "code",
   "execution_count": 2,
   "metadata": {
    "collapsed": false
   },
   "outputs": [
    {
     "data": {
      "text/plain": [
       "[[0, 1, 2, 3], [4, 5, 6, 7], [8, 9, 10, 11], [12, 13, 14, 15]]"
      ]
     },
     "execution_count": 2,
     "metadata": {},
     "output_type": "execute_result"
    }
   ],
   "source": [
    "States = [[0,1,2,3],\n",
    "          [4,5,6,7],\n",
    "          [8,9,10,11],\n",
    "          [12,13,14,15]]\n",
    "States"
   ]
  },
  {
   "cell_type": "code",
   "execution_count": 3,
   "metadata": {
    "collapsed": false
   },
   "outputs": [
    {
     "data": {
      "text/plain": [
       "[0, -1, -1, -1, -1, -1, -1, -1, -1, -1, -1, -1, -1, -1, -1, 0]"
      ]
     },
     "execution_count": 3,
     "metadata": {},
     "output_type": "execute_result"
    }
   ],
   "source": [
    "Rewards=[-1 for x in range(16)]\n",
    "Rewards[0]=0\n",
    "Rewards[15]=0\n",
    "Rewards"
   ]
  },
  {
   "cell_type": "code",
   "execution_count": 4,
   "metadata": {
    "collapsed": true
   },
   "outputs": [],
   "source": [
    "def isTerminal(theState):\n",
    "    if theState == 0 or theState ==15:\n",
    "        return True\n",
    "    else:\n",
    "        return False"
   ]
  },
  {
   "cell_type": "code",
   "execution_count": 5,
   "metadata": {
    "collapsed": false
   },
   "outputs": [],
   "source": [
    "def outGrid(theRow,theCol):\n",
    "    if theRow<0 or theCol<0 or theRow>3 or theCol>3:\n",
    "        return True\n",
    "    else:\n",
    "        return False"
   ]
  },
  {
   "cell_type": "code",
   "execution_count": 6,
   "metadata": {
    "collapsed": false
   },
   "outputs": [],
   "source": [
    "def getLoc(theState):\n",
    "    [(myrow,mycol)]=[(index, row.index(theState)) for index, row in enumerate(States) if theState in row]\n",
    "    return myrow,mycol\n"
   ]
  },
  {
   "cell_type": "code",
   "execution_count": 7,
   "metadata": {
    "collapsed": true
   },
   "outputs": [],
   "source": [
    "def getNextState(currentState,Action):\n",
    "    Row,Col=getLoc(currentState)\n",
    "    if Action=='U':\n",
    "        Row -=1\n",
    "    if Action=='D':\n",
    "        Row +=1\n",
    "    if Action=='L':\n",
    "        Col -=1\n",
    "    if Action=='R':\n",
    "        Col +=1\n",
    "    if outGrid(Row,Col)==True:\n",
    "        return currentState\n",
    "    else:\n",
    "        newState=States[Row][Col]\n",
    "        return newState"
   ]
  },
  {
   "cell_type": "code",
   "execution_count": 103,
   "metadata": {
    "collapsed": false
   },
   "outputs": [
    {
     "name": "stdout",
     "output_type": "stream",
     "text": [
      "--------------- Iterations:  1 ---------------\n",
      "Value iteration, new V: \n",
      "0 -1.0 -1.0 -1.0\n",
      "-1.0 -1.0 -1.0 -1.0\n",
      "-1.0 -1.0 -1.0 -1.0\n",
      "-1.0 -1.0 -1.0 0\n",
      "Updated Policy:\n",
      "[] ['L'] ['U', 'D', 'L', 'R'] ['U', 'D', 'L', 'R']\n",
      "['U'] ['U', 'D', 'L', 'R'] ['U', 'D', 'L', 'R'] ['U', 'D', 'L', 'R']\n",
      "['U', 'D', 'L', 'R'] ['U', 'D', 'L', 'R'] ['U', 'D', 'L', 'R'] ['D']\n",
      "['U', 'D', 'L', 'R'] ['U', 'D', 'L', 'R'] ['R'] []\n",
      "--------------- Iterations:  2 ---------------\n",
      "Value iteration, new V: \n",
      "0 -1.75 -2.0 -2.0\n",
      "-1.75 -2.0 -2.0 -2.0\n",
      "-2.0 -2.0 -2.0 -1.75\n",
      "-2.0 -2.0 -1.75 0\n",
      "Updated Policy:\n",
      "[] ['L'] ['L'] ['U', 'D', 'L', 'R']\n",
      "['U'] ['U', 'L'] ['U', 'D', 'L', 'R'] ['D']\n",
      "['U'] ['U', 'D', 'L', 'R'] ['D', 'R'] ['D']\n",
      "['U', 'D', 'L', 'R'] ['R'] ['R'] []\n",
      "--------------- Iterations:  3 ---------------\n",
      "Value iteration, new V: \n",
      "0 -2.44 -2.94 -3.0\n",
      "-2.44 -2.88 -3.0 -2.94\n",
      "-2.94 -3.0 -2.88 -2.44\n",
      "-3.0 -2.94 -2.44 0\n",
      "Updated Policy:\n",
      "[] ['L'] ['L'] ['D', 'L']\n",
      "['U'] ['U', 'L'] ['D', 'L'] ['D']\n",
      "['U'] ['U', 'R'] ['D', 'R'] ['D']\n",
      "['U', 'R'] ['R'] ['R'] []\n",
      "--------------- Iterations:  4 ---------------\n",
      "Value iteration, new V: \n",
      "0 -3.06 -3.84 -3.97\n",
      "-3.06 -3.72 -3.91 -3.84\n",
      "-3.84 -3.91 -3.72 -3.06\n",
      "-3.97 -3.84 -3.06 0\n",
      "Updated Policy:\n",
      "[] ['L'] ['L'] ['D', 'L']\n",
      "['U'] ['U', 'L'] ['D', 'L'] ['D']\n",
      "['U'] ['U', 'R'] ['D', 'R'] ['D']\n",
      "['U', 'R'] ['R'] ['R'] []\n",
      "--------------- Iterations:  5 ---------------\n",
      "Value iteration, new V: \n",
      "0 -3.66 -4.7 -4.91\n",
      "-3.66 -4.48 -4.78 -4.7\n",
      "-4.7 -4.78 -4.48 -3.66\n",
      "-4.91 -4.7 -3.66 0\n",
      "Updated Policy:\n",
      "[] ['L'] ['L'] ['D', 'L']\n",
      "['U'] ['U', 'L'] ['D', 'L'] ['D']\n",
      "['U'] ['U', 'R'] ['D', 'R'] ['D']\n",
      "['U', 'R'] ['R'] ['R'] []\n",
      "--------------- Iterations:  6 ---------------\n",
      "Value iteration, new V: \n",
      "0 -4.21 -5.51 -5.8\n",
      "-4.21 -5.22 -5.59 -5.51\n",
      "-5.51 -5.59 -5.22 -4.21\n",
      "-5.8 -5.51 -4.21 0\n",
      "Updated Policy:\n",
      "[] ['L'] ['L'] ['D', 'L']\n",
      "['U'] ['U', 'L'] ['D', 'L'] ['D']\n",
      "['U'] ['U', 'R'] ['D', 'R'] ['D']\n",
      "['U', 'R'] ['R'] ['R'] []\n",
      "--------------- Iterations:  7 ---------------\n",
      "Value iteration, new V: \n",
      "0 -4.73 -6.28 -6.66\n",
      "-4.73 -5.9 -6.36 -6.28\n",
      "-6.28 -6.36 -5.9 -4.73\n",
      "-6.66 -6.28 -4.73 0\n",
      "Updated Policy:\n",
      "[] ['L'] ['L'] ['D', 'L']\n",
      "['U'] ['U', 'L'] ['D', 'L'] ['D']\n",
      "['U'] ['U', 'R'] ['D', 'R'] ['D']\n",
      "['U', 'R'] ['R'] ['R'] []\n",
      "--------------- Iterations:  8 ---------------\n",
      "Value iteration, new V: \n",
      "0 -5.23 -7.01 -7.47\n",
      "-5.23 -6.55 -7.09 -7.01\n",
      "-7.01 -7.09 -6.55 -5.23\n",
      "-7.47 -7.01 -5.23 0\n",
      "Updated Policy:\n",
      "[] ['L'] ['L'] ['D', 'L']\n",
      "['U'] ['U', 'L'] ['D', 'L'] ['D']\n",
      "['U'] ['U', 'R'] ['D', 'R'] ['D']\n",
      "['U', 'R'] ['R'] ['R'] []\n",
      "--------------- Iterations:  9 ---------------\n",
      "Value iteration, new V: \n",
      "0 -5.7 -7.7 -8.24\n",
      "-5.7 -7.16 -7.78 -7.7\n",
      "-7.7 -7.78 -7.16 -5.7\n",
      "-8.24 -7.7 -5.7 0\n",
      "Updated Policy:\n",
      "[] ['L'] ['L'] ['D', 'L']\n",
      "['U'] ['U', 'L'] ['D', 'L'] ['D']\n",
      "['U'] ['U', 'R'] ['D', 'R'] ['D']\n",
      "['U', 'R'] ['R'] ['R'] []\n",
      "--------------- Iterations:  10 ---------------\n",
      "Value iteration, new V: \n",
      "0 -6.14 -8.35 -8.97\n",
      "-6.14 -7.74 -8.43 -8.35\n",
      "-8.35 -8.43 -7.74 -6.14\n",
      "-8.97 -8.35 -6.14 0\n",
      "Updated Policy:\n",
      "[] ['L'] ['L'] ['D', 'L']\n",
      "['U'] ['U', 'L'] ['D', 'L'] ['D']\n",
      "['U'] ['U', 'R'] ['D', 'R'] ['D']\n",
      "['U', 'R'] ['R'] ['R'] []\n",
      "--------------- Iterations:  11 ---------------\n",
      "Value iteration, new V: \n",
      "0 -6.56 -8.97 -9.66\n",
      "-6.56 -8.28 -9.04 -8.97\n",
      "-8.97 -9.04 -8.28 -6.56\n",
      "-9.66 -8.97 -6.56 0\n",
      "Updated Policy:\n",
      "[] ['L'] ['L'] ['D', 'L']\n",
      "['U'] ['U', 'L'] ['D', 'L'] ['D']\n",
      "['U'] ['U', 'R'] ['D', 'R'] ['D']\n",
      "['U', 'R'] ['R'] ['R'] []\n",
      "--------------- Iterations:  12 ---------------\n",
      "Value iteration, new V: \n",
      "0 -6.95 -9.56 -10.32\n",
      "-6.95 -8.8 -9.63 -9.56\n",
      "-9.56 -9.63 -8.8 -6.95\n",
      "-10.32 -9.56 -6.95 0\n",
      "Updated Policy:\n",
      "[] ['L'] ['L'] ['D', 'L']\n",
      "['U'] ['U', 'L'] ['D', 'L'] ['D']\n",
      "['U'] ['U', 'R'] ['D', 'R'] ['D']\n",
      "['U', 'R'] ['R'] ['R'] []\n",
      "--------------- Iterations:  13 ---------------\n",
      "Value iteration, new V: \n",
      "0 -7.33 -10.11 -10.94\n",
      "-7.33 -9.29 -10.18 -10.11\n",
      "-10.11 -10.18 -9.29 -7.33\n",
      "-10.94 -10.11 -7.33 0\n",
      "Updated Policy:\n",
      "[] ['L'] ['L'] ['D', 'L']\n",
      "['U'] ['U', 'L'] ['D', 'L'] ['D']\n",
      "['U'] ['U', 'R'] ['D', 'R'] ['D']\n",
      "['U', 'R'] ['R'] ['R'] []\n",
      "--------------- Iterations:  14 ---------------\n",
      "Value iteration, new V: \n",
      "0 -7.68 -10.64 -11.53\n",
      "-7.68 -9.75 -10.7 -10.64\n",
      "-10.64 -10.7 -9.75 -7.68\n",
      "-11.53 -10.64 -7.68 0\n",
      "Updated Policy:\n",
      "[] ['L'] ['L'] ['D', 'L']\n",
      "['U'] ['U', 'L'] ['D', 'L'] ['D']\n",
      "['U'] ['U', 'R'] ['D', 'R'] ['D']\n",
      "['U', 'R'] ['R'] ['R'] []\n",
      "--------------- Iterations:  15 ---------------\n",
      "Value iteration, new V: \n",
      "0 -8.02 -11.14 -12.08\n",
      "-8.02 -10.19 -11.2 -11.14\n",
      "-11.14 -11.2 -10.19 -8.02\n",
      "-12.08 -11.14 -8.02 0\n",
      "Updated Policy:\n",
      "[] ['L'] ['L'] ['D', 'L']\n",
      "['U'] ['U', 'L'] ['D', 'L'] ['D']\n",
      "['U'] ['U', 'R'] ['D', 'R'] ['D']\n",
      "['U', 'R'] ['R'] ['R'] []\n",
      "--------------- Iterations:  16 ---------------\n",
      "Value iteration, new V: \n",
      "0 -8.34 -11.61 -12.61\n",
      "-8.34 -10.61 -11.66 -11.61\n",
      "-11.61 -11.66 -10.61 -8.34\n",
      "-12.61 -11.61 -8.34 0\n",
      "Updated Policy:\n",
      "[] ['L'] ['L'] ['D', 'L']\n",
      "['U'] ['U', 'L'] ['D', 'L'] ['D']\n",
      "['U'] ['U', 'R'] ['D', 'R'] ['D']\n",
      "['U', 'R'] ['R'] ['R'] []\n",
      "--------------- Iterations:  17 ---------------\n",
      "Value iteration, new V: \n",
      "0 -8.64 -12.06 -13.11\n",
      "-8.64 -11.0 -12.11 -12.06\n",
      "-12.06 -12.11 -11.0 -8.64\n",
      "-13.11 -12.06 -8.64 0\n",
      "Updated Policy:\n",
      "[] ['L'] ['L'] ['D', 'L']\n",
      "['U'] ['U', 'L'] ['D', 'L'] ['D']\n",
      "['U'] ['U', 'R'] ['D', 'R'] ['D']\n",
      "['U', 'R'] ['R'] ['R'] []\n",
      "--------------- Iterations:  18 ---------------\n",
      "Value iteration, new V: \n",
      "0 -8.92 -12.48 -13.58\n",
      "-8.92 -11.37 -12.53 -12.48\n",
      "-12.48 -12.53 -11.37 -8.92\n",
      "-13.58 -12.48 -8.92 0\n",
      "Updated Policy:\n",
      "[] ['L'] ['L'] ['D', 'L']\n",
      "['U'] ['U', 'L'] ['D', 'L'] ['D']\n",
      "['U'] ['U', 'R'] ['D', 'R'] ['D']\n",
      "['U', 'R'] ['R'] ['R'] []\n",
      "--------------- Iterations:  19 ---------------\n",
      "Value iteration, new V: \n",
      "0 -9.19 -12.88 -14.03\n",
      "-9.19 -11.73 -12.93 -12.88\n",
      "-12.88 -12.93 -11.73 -9.19\n",
      "-14.03 -12.88 -9.19 0\n",
      "Updated Policy:\n",
      "[] ['L'] ['L'] ['D', 'L']\n",
      "['U'] ['U', 'L'] ['D', 'L'] ['D']\n",
      "['U'] ['U', 'R'] ['D', 'R'] ['D']\n",
      "['U', 'R'] ['R'] ['R'] []\n",
      "--------------- Iterations:  20 ---------------\n",
      "Value iteration, new V: \n",
      "0 -9.45 -13.26 -14.45\n",
      "-9.45 -12.06 -13.3 -13.26\n",
      "-13.26 -13.3 -12.06 -9.45\n",
      "-14.45 -13.26 -9.45 0\n",
      "Updated Policy:\n",
      "[] ['L'] ['L'] ['D', 'L']\n",
      "['U'] ['U', 'L'] ['D', 'L'] ['D']\n",
      "['U'] ['U', 'R'] ['D', 'R'] ['D']\n",
      "['U', 'R'] ['R'] ['R'] []\n",
      "--------------- Iterations:  21 ---------------\n",
      "Value iteration, new V: \n",
      "0 -9.69 -13.62 -14.86\n",
      "-9.69 -12.38 -13.66 -13.62\n",
      "-13.62 -13.66 -12.38 -9.69\n",
      "-14.86 -13.62 -9.69 0\n",
      "Updated Policy:\n",
      "[] ['L'] ['L'] ['D', 'L']\n",
      "['U'] ['U', 'L'] ['D', 'L'] ['D']\n",
      "['U'] ['U', 'R'] ['D', 'R'] ['D']\n",
      "['U', 'R'] ['R'] ['R'] []\n",
      "--------------- Iterations:  22 ---------------\n",
      "Value iteration, new V: \n",
      "0 -9.92 -13.96 -15.24\n",
      "-9.92 -12.67 -14.0 -13.96\n",
      "-13.96 -14.0 -12.67 -9.92\n",
      "-15.24 -13.96 -9.92 0\n",
      "Updated Policy:\n",
      "[] ['L'] ['L'] ['D', 'L']\n",
      "['U'] ['U', 'L'] ['D', 'L'] ['D']\n",
      "['U'] ['U', 'R'] ['D', 'R'] ['D']\n",
      "['U', 'R'] ['R'] ['R'] []\n",
      "--------------- Iterations:  23 ---------------\n",
      "Value iteration, new V: \n",
      "0 -10.14 -14.28 -15.6\n",
      "-10.14 -12.96 -14.32 -14.28\n",
      "-14.28 -14.32 -12.96 -10.14\n",
      "-15.6 -14.28 -10.14 0\n",
      "Updated Policy:\n",
      "[] ['L'] ['L'] ['D', 'L']\n",
      "['U'] ['U', 'L'] ['D', 'L'] ['D']\n",
      "['U'] ['U', 'R'] ['D', 'R'] ['D']\n",
      "['U', 'R'] ['R'] ['R'] []\n",
      "--------------- Iterations:  24 ---------------\n",
      "Value iteration, new V: \n",
      "0 -10.34 -14.58 -15.94\n",
      "-10.34 -13.23 -14.62 -14.58\n",
      "-14.58 -14.62 -13.23 -10.34\n",
      "-15.94 -14.58 -10.34 0\n",
      "Updated Policy:\n",
      "[] ['L'] ['L'] ['D', 'L']\n",
      "['U'] ['U', 'L'] ['D', 'L'] ['D']\n",
      "['U'] ['U', 'R'] ['D', 'R'] ['D']\n",
      "['U', 'R'] ['R'] ['R'] []\n",
      "--------------- Iterations:  25 ---------------\n",
      "Value iteration, new V: \n",
      "0 -10.54 -14.87 -16.26\n",
      "-10.54 -13.48 -14.9 -14.87\n",
      "-14.87 -14.9 -13.48 -10.54\n",
      "-16.26 -14.87 -10.54 0\n",
      "Updated Policy:\n",
      "[] ['L'] ['L'] ['D', 'L']\n",
      "['U'] ['U', 'L'] ['D', 'L'] ['D']\n",
      "['U'] ['U', 'R'] ['D', 'R'] ['D']\n",
      "['U', 'R'] ['R'] ['R'] []\n",
      "--------------- Iterations:  26 ---------------\n",
      "Value iteration, new V: \n",
      "0 -10.72 -15.14 -16.56\n",
      "-10.72 -13.72 -15.17 -15.14\n",
      "-15.14 -15.17 -13.72 -10.72\n",
      "-16.56 -15.14 -10.72 0\n",
      "Updated Policy:\n",
      "[] ['L'] ['L'] ['D', 'L']\n",
      "['U'] ['U', 'L'] ['D', 'L'] ['D']\n",
      "['U'] ['U', 'R'] ['D', 'R'] ['D']\n",
      "['U', 'R'] ['R'] ['R'] []\n",
      "--------------- Iterations:  27 ---------------\n",
      "Value iteration, new V: \n",
      "0 -10.9 -15.4 -16.85\n",
      "-10.9 -13.95 -15.43 -15.4\n",
      "-15.4 -15.43 -13.95 -10.9\n",
      "-16.85 -15.4 -10.9 0\n",
      "Updated Policy:\n",
      "[] ['L'] ['L'] ['D', 'L']\n",
      "['U'] ['U', 'L'] ['D', 'L'] ['D']\n",
      "['U'] ['U', 'R'] ['D', 'R'] ['D']\n",
      "['U', 'R'] ['R'] ['R'] []\n",
      "--------------- Iterations:  28 ---------------\n",
      "Value iteration, new V: \n",
      "0 -11.06 -15.65 -17.13\n",
      "-11.06 -14.16 -15.67 -15.65\n",
      "-15.65 -15.67 -14.16 -11.06\n",
      "-17.13 -15.65 -11.06 0\n",
      "Updated Policy:\n",
      "[] ['L'] ['L'] ['D', 'L']\n",
      "['U'] ['U', 'L'] ['D', 'L'] ['D']\n",
      "['U'] ['U', 'R'] ['D', 'R'] ['D']\n",
      "['U', 'R'] ['R'] ['R'] []\n",
      "--------------- Iterations:  29 ---------------\n",
      "Value iteration, new V: \n",
      "0 -11.22 -15.88 -17.39\n",
      "-11.22 -14.37 -15.9 -15.88\n",
      "-15.88 -15.9 -14.37 -11.22\n",
      "-17.39 -15.88 -11.22 0\n",
      "Updated Policy:\n",
      "[] ['L'] ['L'] ['D', 'L']\n",
      "['U'] ['U', 'L'] ['D', 'L'] ['D']\n",
      "['U'] ['U', 'R'] ['D', 'R'] ['D']\n",
      "['U', 'R'] ['R'] ['R'] []\n",
      "--------------- Iterations:  30 ---------------\n",
      "Value iteration, new V: \n",
      "0 -11.37 -16.1 -17.63\n",
      "-11.37 -14.56 -16.12 -16.1\n",
      "-16.1 -16.12 -14.56 -11.37\n",
      "-17.63 -16.1 -11.37 0\n",
      "Updated Policy:\n",
      "[] ['L'] ['L'] ['D', 'L']\n",
      "['U'] ['U', 'L'] ['D', 'L'] ['D']\n",
      "['U'] ['U', 'R'] ['D', 'R'] ['D']\n",
      "['U', 'R'] ['R'] ['R'] []\n",
      "--------------- Iterations:  31 ---------------\n",
      "Value iteration, new V: \n",
      "0 -11.51 -16.3 -17.86\n",
      "-11.51 -14.74 -16.33 -16.3\n",
      "-16.3 -16.33 -14.74 -11.51\n",
      "-17.86 -16.3 -11.51 0\n",
      "Updated Policy:\n",
      "[] ['L'] ['L'] ['D', 'L']\n",
      "['U'] ['U', 'L'] ['D', 'L'] ['D']\n",
      "['U'] ['U', 'R'] ['D', 'R'] ['D']\n",
      "['U', 'R'] ['R'] ['R'] []\n",
      "--------------- Iterations:  32 ---------------\n",
      "Value iteration, new V: \n",
      "0 -11.64 -16.5 -18.08\n",
      "-11.64 -14.92 -16.52 -16.5\n",
      "-16.5 -16.52 -14.92 -11.64\n",
      "-18.08 -16.5 -11.64 0\n",
      "Updated Policy:\n",
      "[] ['L'] ['L'] ['D', 'L']\n",
      "['U'] ['U', 'L'] ['D', 'L'] ['D']\n",
      "['U'] ['U', 'R'] ['D', 'R'] ['D']\n",
      "['U', 'R'] ['R'] ['R'] []\n",
      "--------------- Iterations:  33 ---------------\n",
      "Value iteration, new V: \n",
      "0 -11.76 -16.69 -18.29\n",
      "-11.76 -15.08 -16.71 -16.69\n",
      "-16.69 -16.71 -15.08 -11.76\n",
      "-18.29 -16.69 -11.76 0\n",
      "Updated Policy:\n",
      "[] ['L'] ['L'] ['D', 'L']\n",
      "['U'] ['U', 'L'] ['D', 'L'] ['D']\n",
      "['U'] ['U', 'R'] ['D', 'R'] ['D']\n",
      "['U', 'R'] ['R'] ['R'] []\n",
      "--------------- Iterations:  34 ---------------\n",
      "Value iteration, new V: \n",
      "0 -11.88 -16.86 -18.49\n",
      "-11.88 -15.24 -16.88 -16.86\n",
      "-16.86 -16.88 -15.24 -11.88\n",
      "-18.49 -16.86 -11.88 0\n",
      "Updated Policy:\n",
      "[] ['L'] ['L'] ['D', 'L']\n",
      "['U'] ['U', 'L'] ['D', 'L'] ['D']\n",
      "['U'] ['U', 'R'] ['D', 'R'] ['D']\n",
      "['U', 'R'] ['R'] ['R'] []\n",
      "--------------- Iterations:  35 ---------------\n",
      "Value iteration, new V: \n",
      "0 -12.0 -17.03 -18.68\n",
      "-12.0 -15.38 -17.05 -17.03\n",
      "-17.03 -17.05 -15.38 -12.0\n",
      "-18.68 -17.03 -12.0 0\n",
      "Updated Policy:\n",
      "[] ['L'] ['L'] ['D', 'L']\n",
      "['U'] ['U', 'L'] ['D', 'L'] ['D']\n",
      "['U'] ['U', 'R'] ['D', 'R'] ['D']\n",
      "['U', 'R'] ['R'] ['R'] []\n",
      "--------------- Iterations:  36 ---------------\n",
      "Value iteration, new V: \n",
      "0 -12.1 -17.19 -18.85\n",
      "-12.1 -15.52 -17.21 -17.19\n",
      "-17.19 -17.21 -15.52 -12.1\n",
      "-18.85 -17.19 -12.1 0\n",
      "Updated Policy:\n",
      "[] ['L'] ['L'] ['D', 'L']\n",
      "['U'] ['U', 'L'] ['D', 'L'] ['D']\n",
      "['U'] ['U', 'R'] ['D', 'R'] ['D']\n",
      "['U', 'R'] ['R'] ['R'] []\n",
      "--------------- Iterations:  37 ---------------\n",
      "Value iteration, new V: \n",
      "0 -12.2 -17.34 -19.02\n",
      "-12.2 -15.65 -17.36 -17.34\n",
      "-17.34 -17.36 -15.65 -12.2\n",
      "-19.02 -17.34 -12.2 0\n",
      "Updated Policy:\n",
      "[] ['L'] ['L'] ['D', 'L']\n",
      "['U'] ['U', 'L'] ['D', 'L'] ['D']\n",
      "['U'] ['U', 'R'] ['D', 'R'] ['D']\n",
      "['U', 'R'] ['R'] ['R'] []\n",
      "--------------- Iterations:  38 ---------------\n",
      "Value iteration, new V: \n",
      "0 -12.3 -17.48 -19.18\n",
      "-12.3 -15.78 -17.5 -17.48\n",
      "-17.48 -17.5 -15.78 -12.3\n",
      "-19.18 -17.48 -12.3 0\n",
      "Updated Policy:\n",
      "[] ['L'] ['L'] ['D', 'L']\n",
      "['U'] ['U', 'L'] ['D', 'L'] ['D']\n",
      "['U'] ['U', 'R'] ['D', 'R'] ['D']\n",
      "['U', 'R'] ['R'] ['R'] []\n",
      "--------------- Iterations:  39 ---------------\n",
      "Value iteration, new V: \n",
      "0 -12.39 -17.61 -19.33\n",
      "-12.39 -15.9 -17.63 -17.61\n",
      "-17.61 -17.63 -15.9 -12.39\n",
      "-19.33 -17.61 -12.39 0\n",
      "Updated Policy:\n",
      "[] ['L'] ['L'] ['D', 'L']\n",
      "['U'] ['U', 'L'] ['D', 'L'] ['D']\n",
      "['U'] ['U', 'R'] ['D', 'R'] ['D']\n",
      "['U', 'R'] ['R'] ['R'] []\n",
      "--------------- Iterations:  40 ---------------\n",
      "Value iteration, new V: \n",
      "0 -12.47 -17.74 -19.47\n",
      "-12.47 -16.01 -17.76 -17.74\n",
      "-17.74 -17.76 -16.01 -12.47\n",
      "-19.47 -17.74 -12.47 0\n",
      "Updated Policy:\n",
      "[] ['L'] ['L'] ['D', 'L']\n",
      "['U'] ['U', 'L'] ['D', 'L'] ['D']\n",
      "['U'] ['U', 'R'] ['D', 'R'] ['D']\n",
      "['U', 'R'] ['R'] ['R'] []\n",
      "--------------- Iterations:  41 ---------------\n",
      "Value iteration, new V: \n",
      "0 -12.56 -17.86 -19.61\n",
      "-12.56 -16.12 -17.87 -17.86\n",
      "-17.86 -17.87 -16.12 -12.56\n",
      "-19.61 -17.86 -12.56 0\n",
      "Updated Policy:\n",
      "[] ['L'] ['L'] ['D', 'L']\n",
      "['U'] ['U', 'L'] ['D', 'L'] ['D']\n",
      "['U'] ['U', 'R'] ['D', 'R'] ['D']\n",
      "['U', 'R'] ['R'] ['R'] []\n",
      "--------------- Iterations:  42 ---------------\n",
      "Value iteration, new V: \n",
      "0 -12.63 -17.97 -19.73\n",
      "-12.63 -16.22 -17.99 -17.97\n",
      "-17.97 -17.99 -16.22 -12.63\n",
      "-19.73 -17.97 -12.63 0\n",
      "Updated Policy:\n",
      "[] ['L'] ['L'] ['D', 'L']\n",
      "['U'] ['U', 'L'] ['D', 'L'] ['D']\n",
      "['U'] ['U', 'R'] ['D', 'R'] ['D']\n",
      "['U', 'R'] ['R'] ['R'] []\n",
      "--------------- Iterations:  43 ---------------\n",
      "Value iteration, new V: \n",
      "0 -12.71 -18.08 -19.85\n",
      "-12.71 -16.31 -18.09 -18.08\n",
      "-18.08 -18.09 -16.31 -12.71\n",
      "-19.85 -18.08 -12.71 0\n",
      "Updated Policy:\n",
      "[] ['L'] ['L'] ['D', 'L']\n",
      "['U'] ['U', 'L'] ['D', 'L'] ['D']\n",
      "['U'] ['U', 'R'] ['D', 'R'] ['D']\n",
      "['U', 'R'] ['R'] ['R'] []\n",
      "--------------- Iterations:  44 ---------------\n",
      "Value iteration, new V: \n",
      "0 -12.77 -18.18 -19.97\n",
      "-12.77 -16.4 -18.2 -18.18\n",
      "-18.18 -18.2 -16.4 -12.77\n",
      "-19.97 -18.18 -12.77 0\n",
      "Updated Policy:\n",
      "[] ['L'] ['L'] ['D', 'L']\n",
      "['U'] ['U', 'L'] ['D', 'L'] ['D']\n",
      "['U'] ['U', 'R'] ['D', 'R'] ['D']\n",
      "['U', 'R'] ['R'] ['R'] []\n",
      "--------------- Iterations:  45 ---------------\n",
      "Value iteration, new V: \n",
      "0 -12.84 -18.28 -20.08\n",
      "-12.84 -16.49 -18.29 -18.28\n",
      "-18.28 -18.29 -16.49 -12.84\n",
      "-20.08 -18.28 -12.84 0\n",
      "Updated Policy:\n",
      "[] ['L'] ['L'] ['D', 'L']\n",
      "['U'] ['U', 'L'] ['D', 'L'] ['D']\n",
      "['U'] ['U', 'R'] ['D', 'R'] ['D']\n",
      "['U', 'R'] ['R'] ['R'] []\n",
      "--------------- Iterations:  46 ---------------\n",
      "Value iteration, new V: \n",
      "0 -12.9 -18.37 -20.18\n",
      "-12.9 -16.57 -18.38 -18.37\n",
      "-18.37 -18.38 -16.57 -12.9\n",
      "-20.18 -18.37 -12.9 0\n",
      "Updated Policy:\n",
      "[] ['L'] ['L'] ['D', 'L']\n",
      "['U'] ['U', 'L'] ['D', 'L'] ['D']\n",
      "['U'] ['U', 'R'] ['D', 'R'] ['D']\n",
      "['U', 'R'] ['R'] ['R'] []\n",
      "--------------- Iterations:  47 ---------------\n",
      "Value iteration, new V: \n",
      "0 -12.96 -18.46 -20.28\n",
      "-12.96 -16.64 -18.47 -18.46\n",
      "-18.46 -18.47 -16.64 -12.96\n",
      "-20.28 -18.46 -12.96 0\n",
      "Updated Policy:\n",
      "[] ['L'] ['L'] ['D', 'L']\n",
      "['U'] ['U', 'L'] ['D', 'L'] ['D']\n",
      "['U'] ['U', 'R'] ['D', 'R'] ['D']\n",
      "['U', 'R'] ['R'] ['R'] []\n",
      "--------------- Iterations:  48 ---------------\n",
      "Value iteration, new V: \n",
      "0 -13.02 -18.54 -20.37\n",
      "-13.02 -16.71 -18.55 -18.54\n",
      "-18.54 -18.55 -16.71 -13.02\n",
      "-20.37 -18.54 -13.02 0\n",
      "Updated Policy:\n",
      "[] ['L'] ['L'] ['D', 'L']\n",
      "['U'] ['U', 'L'] ['D', 'L'] ['D']\n",
      "['U'] ['U', 'R'] ['D', 'R'] ['D']\n",
      "['U', 'R'] ['R'] ['R'] []\n",
      "--------------- Iterations:  49 ---------------\n",
      "Value iteration, new V: \n",
      "0 -13.07 -18.62 -20.45\n",
      "-13.07 -16.78 -18.63 -18.62\n",
      "-18.62 -18.63 -16.78 -13.07\n",
      "-20.45 -18.62 -13.07 0\n",
      "Updated Policy:\n",
      "[] ['L'] ['L'] ['D', 'L']\n",
      "['U'] ['U', 'L'] ['D', 'L'] ['D']\n",
      "['U'] ['U', 'R'] ['D', 'R'] ['D']\n",
      "['U', 'R'] ['R'] ['R'] []\n",
      "--------------- Iterations:  50 ---------------\n",
      "Value iteration, new V: \n",
      "0 -13.12 -18.69 -20.54\n",
      "-13.12 -16.85 -18.7 -18.69\n",
      "-18.69 -18.7 -16.85 -13.12\n",
      "-20.54 -18.69 -13.12 0\n",
      "Updated Policy:\n",
      "[] ['L'] ['L'] ['D', 'L']\n",
      "['U'] ['U', 'L'] ['D', 'L'] ['D']\n",
      "['U'] ['U', 'R'] ['D', 'R'] ['D']\n",
      "['U', 'R'] ['R'] ['R'] []\n",
      "--------------- Iterations:  51 ---------------\n",
      "Value iteration, new V: \n",
      "0 -13.16 -18.76 -20.61\n",
      "-13.16 -16.91 -18.77 -18.76\n",
      "-18.76 -18.77 -16.91 -13.16\n",
      "-20.61 -18.76 -13.16 0\n",
      "Updated Policy:\n",
      "[] ['L'] ['L'] ['D', 'L']\n",
      "['U'] ['U', 'L'] ['D', 'L'] ['D']\n",
      "['U'] ['U', 'R'] ['D', 'R'] ['D']\n",
      "['U', 'R'] ['R'] ['R'] []\n",
      "--------------- Iterations:  52 ---------------\n",
      "Value iteration, new V: \n",
      "0 -13.21 -18.83 -20.69\n",
      "-13.21 -16.97 -18.84 -18.83\n",
      "-18.83 -18.84 -16.97 -13.21\n",
      "-20.69 -18.83 -13.21 0\n",
      "Updated Policy:\n",
      "[] ['L'] ['L'] ['D', 'L']\n",
      "['U'] ['U', 'L'] ['D', 'L'] ['D']\n",
      "['U'] ['U', 'R'] ['D', 'R'] ['D']\n",
      "['U', 'R'] ['R'] ['R'] []\n",
      "--------------- Iterations:  53 ---------------\n",
      "Value iteration, new V: \n",
      "0 -13.25 -18.89 -20.76\n",
      "-13.25 -17.02 -18.9 -18.89\n",
      "-18.89 -18.9 -17.02 -13.25\n",
      "-20.76 -18.89 -13.25 0\n",
      "Updated Policy:\n",
      "[] ['L'] ['L'] ['D', 'L']\n",
      "['U'] ['U', 'L'] ['D', 'L'] ['D']\n",
      "['U'] ['U', 'R'] ['D', 'R'] ['D']\n",
      "['U', 'R'] ['R'] ['R'] []\n",
      "--------------- Iterations:  54 ---------------\n",
      "Value iteration, new V: \n",
      "0 -13.29 -18.95 -20.82\n",
      "-13.29 -17.07 -18.96 -18.95\n",
      "-18.95 -18.96 -17.07 -13.29\n",
      "-20.82 -18.95 -13.29 0\n",
      "Updated Policy:\n",
      "[] ['L'] ['L'] ['D', 'L']\n",
      "['U'] ['U', 'L'] ['D', 'L'] ['D']\n",
      "['U'] ['U', 'R'] ['D', 'R'] ['D']\n",
      "['U', 'R'] ['R'] ['R'] []\n",
      "--------------- Iterations:  55 ---------------\n",
      "Value iteration, new V: \n",
      "0 -13.33 -19.0 -20.89\n",
      "-13.33 -17.12 -19.01 -19.0\n",
      "-19.0 -19.01 -17.12 -13.33\n",
      "-20.89 -19.0 -13.33 0\n",
      "Updated Policy:\n",
      "[] ['L'] ['L'] ['D', 'L']\n",
      "['U'] ['U', 'L'] ['D', 'L'] ['D']\n",
      "['U'] ['U', 'R'] ['D', 'R'] ['D']\n",
      "['U', 'R'] ['R'] ['R'] []\n",
      "--------------- Iterations:  56 ---------------\n",
      "Value iteration, new V: \n",
      "0 -13.36 -19.06 -20.95\n",
      "-13.36 -17.17 -19.06 -19.06\n",
      "-19.06 -19.06 -17.17 -13.36\n",
      "-20.95 -19.06 -13.36 0\n",
      "Updated Policy:\n",
      "[] ['L'] ['L'] ['D', 'L']\n",
      "['U'] ['U', 'L'] ['D', 'L'] ['D']\n",
      "['U'] ['U', 'R'] ['D', 'R'] ['D']\n",
      "['U', 'R'] ['R'] ['R'] []\n",
      "--------------- Iterations:  57 ---------------\n",
      "Value iteration, new V: \n",
      "0 -13.4 -19.11 -21.0\n",
      "-13.4 -17.21 -19.11 -19.11\n",
      "-19.11 -19.11 -17.21 -13.4\n",
      "-21.0 -19.11 -13.4 0\n",
      "Updated Policy:\n",
      "[] ['L'] ['L'] ['D', 'L']\n",
      "['U'] ['U', 'L'] ['D', 'L'] ['D']\n",
      "['U'] ['U', 'R'] ['D', 'R'] ['D']\n",
      "['U', 'R'] ['R'] ['R'] []\n",
      "--------------- Iterations:  58 ---------------\n",
      "Value iteration, new V: \n",
      "0 -13.43 -19.16 -21.05\n",
      "-13.43 -17.26 -19.16 -19.16\n",
      "-19.16 -19.16 -17.26 -13.43\n",
      "-21.05 -19.16 -13.43 0\n",
      "Updated Policy:\n",
      "[] ['L'] ['L'] ['D', 'L']\n",
      "['U'] ['U', 'L'] ['D', 'L'] ['D']\n",
      "['U'] ['U', 'R'] ['D', 'R'] ['D']\n",
      "['U', 'R'] ['R'] ['R'] []\n",
      "--------------- Iterations:  59 ---------------\n",
      "Value iteration, new V: \n",
      "0 -13.46 -19.2 -21.1\n",
      "-13.46 -17.3 -19.21 -19.2\n",
      "-19.2 -19.21 -17.3 -13.46\n",
      "-21.1 -19.2 -13.46 0\n",
      "Updated Policy:\n",
      "[] ['L'] ['L'] ['D', 'L']\n",
      "['U'] ['U', 'L'] ['D', 'L'] ['D']\n",
      "['U'] ['U', 'R'] ['D', 'R'] ['D']\n",
      "['U', 'R'] ['R'] ['R'] []\n",
      "--------------- Iterations:  60 ---------------\n",
      "Value iteration, new V: \n",
      "0 -13.49 -19.24 -21.15\n",
      "-13.49 -17.33 -19.25 -19.24\n",
      "-19.24 -19.25 -17.33 -13.49\n",
      "-21.15 -19.24 -13.49 0\n",
      "Updated Policy:\n",
      "[] ['L'] ['L'] ['D', 'L']\n",
      "['U'] ['U', 'L'] ['D', 'L'] ['D']\n",
      "['U'] ['U', 'R'] ['D', 'R'] ['D']\n",
      "['U', 'R'] ['R'] ['R'] []\n",
      "--------------- Iterations:  61 ---------------\n",
      "Value iteration, new V: \n",
      "0 -13.52 -19.28 -21.2\n",
      "-13.52 -17.37 -19.29 -19.28\n",
      "-19.28 -19.29 -17.37 -13.52\n",
      "-21.2 -19.28 -13.52 0\n",
      "Updated Policy:\n",
      "[] ['L'] ['L'] ['D', 'L']\n",
      "['U'] ['U', 'L'] ['D', 'L'] ['D']\n",
      "['U'] ['U', 'R'] ['D', 'R'] ['D']\n",
      "['U', 'R'] ['R'] ['R'] []\n",
      "--------------- Iterations:  62 ---------------\n",
      "Value iteration, new V: \n",
      "0 -13.54 -19.32 -21.24\n",
      "-13.54 -17.4 -19.33 -19.32\n",
      "-19.32 -19.33 -17.4 -13.54\n",
      "-21.24 -19.32 -13.54 0\n",
      "Updated Policy:\n",
      "[] ['L'] ['L'] ['D', 'L']\n",
      "['U'] ['U', 'L'] ['D', 'L'] ['D']\n",
      "['U'] ['U', 'R'] ['D', 'R'] ['D']\n",
      "['U', 'R'] ['R'] ['R'] []\n",
      "--------------- Iterations:  63 ---------------\n",
      "Value iteration, new V: \n",
      "0 -13.57 -19.36 -21.28\n",
      "-13.57 -17.43 -19.36 -19.36\n",
      "-19.36 -19.36 -17.43 -13.57\n",
      "-21.28 -19.36 -13.57 0\n",
      "Updated Policy:\n",
      "[] ['L'] ['L'] ['D', 'L']\n",
      "['U'] ['U', 'L'] ['D', 'L'] ['D']\n",
      "['U'] ['U', 'R'] ['D', 'R'] ['D']\n",
      "['U', 'R'] ['R'] ['R'] []\n",
      "--------------- Iterations:  64 ---------------\n",
      "Value iteration, new V: \n",
      "0 -13.59 -19.39 -21.32\n",
      "-13.59 -17.46 -19.4 -19.39\n",
      "-19.39 -19.4 -17.46 -13.59\n",
      "-21.32 -19.39 -13.59 0\n",
      "Updated Policy:\n",
      "[] ['L'] ['L'] ['D', 'L']\n",
      "['U'] ['U', 'L'] ['D', 'L'] ['D']\n",
      "['U'] ['U', 'R'] ['D', 'R'] ['D']\n",
      "['U', 'R'] ['R'] ['R'] []\n",
      "--------------- Iterations:  65 ---------------\n",
      "Value iteration, new V: \n",
      "0 -13.61 -19.42 -21.36\n",
      "-13.61 -17.49 -19.43 -19.42\n",
      "-19.42 -19.43 -17.49 -13.61\n",
      "-21.36 -19.42 -13.61 0\n",
      "Updated Policy:\n",
      "[] ['L'] ['L'] ['D', 'L']\n",
      "['U'] ['U', 'L'] ['D', 'L'] ['D']\n",
      "['U'] ['U', 'R'] ['D', 'R'] ['D']\n",
      "['U', 'R'] ['R'] ['R'] []\n",
      "--------------- Iterations:  66 ---------------\n",
      "Value iteration, new V: \n",
      "0 -13.63 -19.45 -21.39\n",
      "-13.63 -17.52 -19.46 -19.45\n",
      "-19.45 -19.46 -17.52 -13.63\n",
      "-21.39 -19.45 -13.63 0\n",
      "Updated Policy:\n",
      "[] ['L'] ['L'] ['D', 'L']\n",
      "['U'] ['U', 'L'] ['D', 'L'] ['D']\n",
      "['U'] ['U', 'R'] ['D', 'R'] ['D']\n",
      "['U', 'R'] ['R'] ['R'] []\n",
      "--------------- Iterations:  67 ---------------\n",
      "Value iteration, new V: \n",
      "0 -13.65 -19.48 -21.42\n",
      "-13.65 -17.54 -19.49 -19.48\n",
      "-19.48 -19.49 -17.54 -13.65\n",
      "-21.42 -19.48 -13.65 0\n",
      "Updated Policy:\n",
      "[] ['L'] ['L'] ['D', 'L']\n",
      "['U'] ['U', 'L'] ['D', 'L'] ['D']\n",
      "['U'] ['U', 'R'] ['D', 'R'] ['D']\n",
      "['U', 'R'] ['R'] ['R'] []\n",
      "--------------- Iterations:  68 ---------------\n",
      "Value iteration, new V: \n",
      "0 -13.67 -19.51 -21.45\n",
      "-13.67 -17.57 -19.51 -19.51\n",
      "-19.51 -19.51 -17.57 -13.67\n",
      "-21.45 -19.51 -13.67 0\n",
      "Updated Policy:\n",
      "[] ['L'] ['L'] ['D', 'L']\n",
      "['U'] ['U', 'L'] ['D', 'L'] ['D']\n",
      "['U'] ['U', 'R'] ['D', 'R'] ['D']\n",
      "['U', 'R'] ['R'] ['R'] []\n",
      "--------------- Iterations:  69 ---------------\n",
      "Value iteration, new V: \n",
      "0 -13.69 -19.54 -21.48\n",
      "-13.69 -17.59 -19.54 -19.54\n",
      "-19.54 -19.54 -17.59 -13.69\n",
      "-21.48 -19.54 -13.69 0\n",
      "Updated Policy:\n",
      "[] ['L'] ['L'] ['D', 'L']\n",
      "['U'] ['U', 'L'] ['D', 'L'] ['D']\n",
      "['U'] ['U', 'R'] ['D', 'R'] ['D']\n",
      "['U', 'R'] ['R'] ['R'] []\n",
      "--------------- Iterations:  70 ---------------\n",
      "Value iteration, new V: \n",
      "0 -13.7 -19.56 -21.51\n",
      "-13.7 -17.61 -19.56 -19.56\n",
      "-19.56 -19.56 -17.61 -13.7\n",
      "-21.51 -19.56 -13.7 0\n",
      "Updated Policy:\n",
      "[] ['L'] ['L'] ['D', 'L']\n",
      "['U'] ['U', 'L'] ['D', 'L'] ['D']\n",
      "['U'] ['U', 'R'] ['D', 'R'] ['D']\n",
      "['U', 'R'] ['R'] ['R'] []\n",
      "--------------- Iterations:  71 ---------------\n",
      "Value iteration, new V: \n",
      "0 -13.72 -19.58 -21.54\n",
      "-13.72 -17.63 -19.59 -19.58\n",
      "-19.58 -19.59 -17.63 -13.72\n",
      "-21.54 -19.58 -13.72 0\n",
      "Updated Policy:\n",
      "[] ['L'] ['L'] ['D', 'L']\n",
      "['U'] ['U', 'L'] ['D', 'L'] ['D']\n",
      "['U'] ['U', 'R'] ['D', 'R'] ['D']\n",
      "['U', 'R'] ['R'] ['R'] []\n",
      "--------------- Iterations:  72 ---------------\n",
      "Value iteration, new V: \n",
      "0 -13.73 -19.61 -21.56\n",
      "-13.73 -17.65 -19.61 -19.61\n",
      "-19.61 -19.61 -17.65 -13.73\n",
      "-21.56 -19.61 -13.73 0\n",
      "Updated Policy:\n",
      "[] ['L'] ['L'] ['D', 'L']\n",
      "['U'] ['U', 'L'] ['D', 'L'] ['D']\n",
      "['U'] ['U', 'R'] ['D', 'R'] ['D']\n",
      "['U', 'R'] ['R'] ['R'] []\n",
      "--------------- Iterations:  73 ---------------\n",
      "Value iteration, new V: \n",
      "0 -13.75 -19.63 -21.58\n",
      "-13.75 -17.67 -19.63 -19.63\n",
      "-19.63 -19.63 -17.67 -13.75\n",
      "-21.58 -19.63 -13.75 0\n",
      "Updated Policy:\n",
      "[] ['L'] ['L'] ['D', 'L']\n",
      "['U'] ['U', 'L'] ['D', 'L'] ['D']\n",
      "['U'] ['U', 'R'] ['D', 'R'] ['D']\n",
      "['U', 'R'] ['R'] ['R'] []\n",
      "--------------- Iterations:  74 ---------------\n",
      "Value iteration, new V: \n",
      "0 -13.76 -19.65 -21.61\n",
      "-13.76 -17.69 -19.65 -19.65\n",
      "-19.65 -19.65 -17.69 -13.76\n",
      "-21.61 -19.65 -13.76 0\n",
      "Updated Policy:\n",
      "[] ['L'] ['L'] ['D', 'L']\n",
      "['U'] ['U', 'L'] ['D', 'L'] ['D']\n",
      "['U'] ['U', 'R'] ['D', 'R'] ['D']\n",
      "['U', 'R'] ['R'] ['R'] []\n",
      "--------------- Iterations:  75 ---------------\n",
      "Value iteration, new V: \n",
      "0 -13.77 -19.67 -21.63\n",
      "-13.77 -17.71 -19.67 -19.67\n",
      "-19.67 -19.67 -17.71 -13.77\n",
      "-21.63 -19.67 -13.77 0\n",
      "Updated Policy:\n",
      "[] ['L'] ['L'] ['D', 'L']\n",
      "['U'] ['U', 'L'] ['D', 'L'] ['D']\n",
      "['U'] ['U', 'R'] ['D', 'R'] ['D']\n",
      "['U', 'R'] ['R'] ['R'] []\n",
      "--------------- Iterations:  76 ---------------\n",
      "Value iteration, new V: \n",
      "0 -13.79 -19.68 -21.65\n",
      "-13.79 -17.72 -19.69 -19.68\n",
      "-19.68 -19.69 -17.72 -13.79\n",
      "-21.65 -19.68 -13.79 0\n",
      "Updated Policy:\n",
      "[] ['L'] ['L'] ['D', 'L']\n",
      "['U'] ['U', 'L'] ['D', 'L'] ['D']\n",
      "['U'] ['U', 'R'] ['D', 'R'] ['D']\n",
      "['U', 'R'] ['R'] ['R'] []\n",
      "--------------- Iterations:  77 ---------------\n",
      "Value iteration, new V: \n",
      "0 -13.8 -19.7 -21.67\n",
      "-13.8 -17.74 -19.7 -19.7\n",
      "-19.7 -19.7 -17.74 -13.8\n",
      "-21.67 -19.7 -13.8 0\n",
      "Updated Policy:\n",
      "[] ['L'] ['L'] ['D', 'L']\n",
      "['U'] ['U', 'L'] ['D', 'L'] ['D']\n",
      "['U'] ['U', 'R'] ['D', 'R'] ['D']\n",
      "['U', 'R'] ['R'] ['R'] []\n",
      "--------------- Iterations:  78 ---------------\n",
      "Value iteration, new V: \n",
      "0 -13.81 -19.72 -21.68\n",
      "-13.81 -17.75 -19.72 -19.72\n",
      "-19.72 -19.72 -17.75 -13.81\n",
      "-21.68 -19.72 -13.81 0\n",
      "Updated Policy:\n",
      "[] ['L'] ['L'] ['D', 'L']\n",
      "['U'] ['U', 'L'] ['D', 'L'] ['D']\n",
      "['U'] ['U', 'R'] ['D', 'R'] ['D']\n",
      "['U', 'R'] ['R'] ['R'] []\n",
      "--------------- Iterations:  79 ---------------\n",
      "Value iteration, new V: \n",
      "0 -13.82 -19.73 -21.7\n",
      "-13.82 -17.76 -19.73 -19.73\n",
      "-19.73 -19.73 -17.76 -13.82\n",
      "-21.7 -19.73 -13.82 0\n",
      "Updated Policy:\n",
      "[] ['L'] ['L'] ['D', 'L']\n",
      "['U'] ['U', 'L'] ['D', 'L'] ['D']\n",
      "['U'] ['U', 'R'] ['D', 'R'] ['D']\n",
      "['U', 'R'] ['R'] ['R'] []\n",
      "--------------- Iterations:  80 ---------------\n",
      "Value iteration, new V: \n",
      "0 -13.83 -19.75 -21.72\n",
      "-13.83 -17.78 -19.75 -19.75\n",
      "-19.75 -19.75 -17.78 -13.83\n",
      "-21.72 -19.75 -13.83 0\n",
      "Updated Policy:\n",
      "[] ['L'] ['L'] ['D', 'L']\n",
      "['U'] ['U', 'L'] ['D', 'L'] ['D']\n",
      "['U'] ['U', 'R'] ['D', 'R'] ['D']\n",
      "['U', 'R'] ['R'] ['R'] []\n",
      "--------------- Iterations:  81 ---------------\n",
      "Value iteration, new V: \n",
      "0 -13.84 -19.76 -21.73\n",
      "-13.84 -17.79 -19.76 -19.76\n",
      "-19.76 -19.76 -17.79 -13.84\n",
      "-21.73 -19.76 -13.84 0\n",
      "Updated Policy:\n",
      "[] ['L'] ['L'] ['D', 'L']\n",
      "['U'] ['U', 'L'] ['D', 'L'] ['D']\n",
      "['U'] ['U', 'R'] ['D', 'R'] ['D']\n",
      "['U', 'R'] ['R'] ['R'] []\n",
      "--------------- Iterations:  82 ---------------\n",
      "Value iteration, new V: \n",
      "0 -13.85 -19.77 -21.75\n",
      "-13.85 -17.8 -19.77 -19.77\n",
      "-19.77 -19.77 -17.8 -13.85\n",
      "-21.75 -19.77 -13.85 0\n",
      "Updated Policy:\n",
      "[] ['L'] ['L'] ['D', 'L']\n",
      "['U'] ['U', 'L'] ['D', 'L'] ['D']\n",
      "['U'] ['U', 'R'] ['D', 'R'] ['D']\n",
      "['U', 'R'] ['R'] ['R'] []\n",
      "--------------- Iterations:  83 ---------------\n",
      "Value iteration, new V: \n",
      "0 -13.85 -19.78 -21.76\n",
      "-13.85 -17.81 -19.79 -19.78\n",
      "-19.78 -19.79 -17.81 -13.85\n",
      "-21.76 -19.78 -13.85 0\n",
      "Updated Policy:\n",
      "[] ['L'] ['L'] ['D', 'L']\n",
      "['U'] ['U', 'L'] ['D', 'L'] ['D']\n",
      "['U'] ['U', 'R'] ['D', 'R'] ['D']\n",
      "['U', 'R'] ['R'] ['R'] []\n",
      "--------------- Iterations:  84 ---------------\n",
      "Value iteration, new V: \n",
      "0 -13.86 -19.8 -21.77\n",
      "-13.86 -17.82 -19.8 -19.8\n",
      "-19.8 -19.8 -17.82 -13.86\n",
      "-21.77 -19.8 -13.86 0\n",
      "Updated Policy:\n",
      "[] ['L'] ['L'] ['D', 'L']\n",
      "['U'] ['U', 'L'] ['D', 'L'] ['D']\n",
      "['U'] ['U', 'R'] ['D', 'R'] ['D']\n",
      "['U', 'R'] ['R'] ['R'] []\n",
      "--------------- Iterations:  85 ---------------\n",
      "Value iteration, new V: \n",
      "0 -13.87 -19.81 -21.78\n",
      "-13.87 -17.83 -19.81 -19.81\n",
      "-19.81 -19.81 -17.83 -13.87\n",
      "-21.78 -19.81 -13.87 0\n",
      "Updated Policy:\n",
      "[] ['L'] ['L'] ['D', 'L']\n",
      "['U'] ['U', 'L'] ['D', 'L'] ['D']\n",
      "['U'] ['U', 'R'] ['D', 'R'] ['D']\n",
      "['U', 'R'] ['R'] ['R'] []\n",
      "--------------- Iterations:  86 ---------------\n",
      "Value iteration, new V: \n",
      "0 -13.88 -19.82 -21.8\n",
      "-13.88 -17.84 -19.82 -19.82\n",
      "-19.82 -19.82 -17.84 -13.88\n",
      "-21.8 -19.82 -13.88 0\n",
      "Updated Policy:\n",
      "[] ['L'] ['L'] ['D', 'L']\n",
